7.918926957723804
7.918938617716788
7.918948714381233
7.918957483989713
7.9189651219332085
7.918971790711517
7.918977626191064
7.918982742541092
7.918987236153703
7.918991188776871
7.9189946700335145
7.918997739458575
7.919000448155193
7.919002840148173
7.919004953495447
7.919006821205056
7.919008471995047
7.919009930925831
7.919011219928548
7.919012358248236
7.91901336281692
7.919014248568799
7.919015028707428
7.919015714932949
7.919016317635924
7.9190168460631964
7.919017308460223
7.919017712193538
7.919018063856422
7.919018369360297
7.919018634013997
7.91901886259265
7.91901905939771
7.9190192283093666
7.919019372832408
7.919019496136446
7.919019601091251
7.919019690297867
7.919019766116067
7.91901983068859
7.919019885962641
7.919019933708908
7.919019975538504
7.91902001291801
7.919020047182904
7.919020079549534
7.919020111125834
7.919020142920915
7.91902017585367
7.919020210760499
7.919020248402258
7.919020289470516
7.9190203345932035
7.9190203843397144
7.919020439225511
7.919020499716301
7.919020566231834
7.91902063914933
7.9190207188066175
7.919020805504977
7.919020899511731
7.919021001062627
7.919021110364001
7.919021227594758
7.919021352908189
7.919021486433654
7.919021628278102
7.919021778527496
7.919021937248104
7.919022104487716
7.919022280276746
7.919022464629265
7.919022657543958
7.91902285900501
7.919023068982932
7.919023287435332
7.919023514307629
7.91902374953373
7.919023993036658
7.9190242447291395
7.91902450451416
7.919024772285485
7.919025047928158
7.919025331318959
7.919025622326852
7.91902592081339
7.919026226633126
7.919026539633981
7.919026859657604
7.919027186539721
7.9190275201104585
7.919027860194656
7.91902820661217
7.919028559178169
7.9190289177034
7.919029281994471
7.919029651854105
7.9190300270813845
7.919030407472005
7.919030792818504
7.919031182910493
7.919031577534875
7.9190319764760675
7.919032379516202
7.919032786435343
7.919033197011674
7.919033611021703
7.91903402824045
7.919034448441627
7.919034871397832
7.919035296880718
7.9190357246611764
7.919036154509498
7.919036586195554
7.919037019488946
7.919037454159184
7.919037889975834
7.919038326708675
7.9190387641278575
7.91903920200405
7.919039640108585
7.9190400782136114
7.919040516092226
7.919040953518621
7.919041390268221
7.919041826117814
7.9190422608456865
7.919042694231753
7.919043126057679
7.919043556107016
7.919043984165312
7.9190444100202395
7.91904483346171
7.919045254281988
7.919045672275806
7.919046087240477
7.919046498975992
7.91904690728514
7.919047311973594
7.91904771285003
7.919048109726205
7.919048502417068
7.919048890740843
7.919049274519126
7.9190496535769626
7.919050027742946
7.919050396849286
7.9190507607319
7.91905111923048
7.919051472188573
7.919051819453653
7.919052160877187
7.919052496314698
7.91905282562584
7.919053148674444
7.919053465328588
7.919053775460644
7.919054078947336
7.919054375669788
7.919054665513569
7.919054948368736
7.919055224129882
7.919055492696167
7.9190557539713575
7.9190560078638565
7.91905625428674
7.9190564931577745
7.919056724399447
7.919056947938986
7.9190571637083815
7.919057371644398
7.919057571688588
7.919057763787301
7.919057947891697
7.919058123957743
7.91905829194622
7.919058451822721
7.919058603557644
7.919058747126193
7.919058882508359
7.919059009688918
7.919059128657407
7.919059239408115
7.919059341940057
7.919059436256954
7.919059522367209
7.919059600283876
7.91905967002463
7.919059731611741
7.919059785072026
7.919059830436822
7.919059867741944
7.919059897027634
7.9190599183385295
7.919059931723602
7.919059937236117
7.91905993493358
7.919059924877678
7.919059907134231
7.919059881773123
7.919059848868249
7.919059808497455
7.91905976074246
7.919059705688804
7.919059643425773
7.919059574046322
7.919059497647019
7.9190594143279505
7.919059324192665
7.91905922734808
7.919059123904412
7.919059013975092
7.919058897676686
7.919058775128805
7.919058646454028
7.919058511777808
7.919058371228389
7.919058224936715
7.91905807303634
7.919057915663333
7.919057752956194
7.919057585055748
7.919057412105066
7.91905723424935
7.919057051635857
7.919056864413786
7.919056672734189
7.9190564767498675
7.919056276615277
7.919056072486426
7.919055864520775
7.919055652877135
7.919055437715569
7.919055219197287
7.919054997484552
7.919054772740567
7.919054545129383
7.919054314815791
7.919054081965224
7.919053846743651
7.919053609317479
7.91905336985345
7.91905312851854
7.919052885479851
7.919052640904527
7.919052394959636
7.919052147812079
7.919051899628488
7.91905165057513
7.919051400817806
7.919051150521757
7.919050899851562
7.9190506489710435
7.91905039804318
7.919050147230002
7.9190498966925045
7.919049646590553
7.919049397082791
7.919049148326556
7.919048900477781
7.9190486536909175
7.919048408118843
7.919048163912777
7.919047921222197
7.919047680194759
7.919047440976214
7.919047203710329
7.919046968538812
7.919046735601232
7.919046505034948
7.919046276975033
7.919046051554205
7.9190458289027585
7.919045609148492
7.919045392416648
7.919045178829846
7.919044968508018
7.919044761568356
7.919044558125246
7.919044358290212
7.919044162171866
7.919043969875855
7.9190437815048025
7.919043597158277
7.919043416932725
7.919043240921442
7.919043069214526
7.919042901898836
7.9190427390579545
7.919042580772157
7.919042427118367
7.919042278170139
7.919042133997619
7.919041994667522
7.919041860243108
7.919041730784153
7.919041606346942
7.919041486984235
7.919041372745267
7.919041263675721
7.919041159817725
7.91904106120984
7.919040967887055
7.919040879880782
7.919040797218852
7.919040719925514
7.9190406480214435
7.919040581523739
7.919040520445937
7.919040464798007
7.919040414586382
7.919040369813952
7.919040330480092
7.919040296580674
7.9190402681080885
7.919040245051264
7.919040227395692
7.919040215123452
7.9190402082132385
7.919040206640391
7.919040210376926
7.919040219391573
7.919040233649802
7.919040253113867
7.919040277742846
7.919040307492679
7.919040342316212
7.919040382163237
7.919040426980547
7.919040476711977
7.919040531298453
7.91904059067805
7.919040654786039
7.919040723554938
7.9190407969145795
7.919040874792156
7.9190409571122835
7.919041043797059
7.919041134766133
7.9190412299367505
7.919041329223836
7.9190414325400456
7.919041539795842
7.91904165089955
7.919041765757443
7.91904188427379
7.9190420063509475
7.919042131889413
7.919042260787911
7.919042392943461
7.919042528251444
7.919042666605688
7.919042807898539
7.919042952020936
7.9190430988624865
7.919043248311547
7.919043400255299
7.919043554579825
7.919043711170187
7.9190438699105075
7.919044030684047
7.919044193373282
7.919044357859988
7.919044524025314
7.919044691749866
7.9190448609137825
7.919045031396817
7.919045203078418
7.919045375837804
7.91904554955405
7.919045724106157