7.919169087731204
7.919157428279396
7.91914733204627
7.9191385627843855
7.919130925121736
7.919124256572959
7.919118421282689
7.919113305090211
7.9191088116100286
7.919104859099324
7.919101377939208
7.919098308597911
7.91909559997479
7.919093208047018
7.919091094758231
7.919089227101627
7.919087576360147
7.919086117474163
7.9190848285131565
7.919083690232578
7.919082685700791
7.9190817999839
7.9190810198785835
7.919080333684884
7.9190797310123795
7.9190792026143235
7.919078740245338
7.9190783365389406
7.919077984901887
7.91907767942277
7.9190774147927705
7.9190771862367555
7.919076989453267
7.919076820562106
7.9190766760584665
7.919076552772724
7.9190764478350895
7.919076358644498
7.919076282841163
7.919076218282322
7.919076163020764
7.91907611528578
7.919076073466247
7.919076036095572
7.919076001838273
7.919075969477998
7.919075937906808
7.919075906115592
7.91907587318546
7.9190758382800235
7.919075800638432
7.919075759569128
7.919075714444195
7.919075664694259
7.919075609803878
7.919075549307365
7.919075482784999
7.919075409859582
7.91907533019332
7.919075243484969
7.919075149467235
7.91907504790441
7.919074938590197
7.919074821345734
7.919074696017767
7.919074562476986
7.919074420616484
7.919074270350348
7.919074111612354
7.919073944354767
7.919073768547219
7.919073584175691
7.919073391241551
7.919073189760666
7.919072979762578
7.9190727612897325
7.919072534396762
7.919072299149813
7.919072055625917
7.919071803912401
7.91907154410633
7.91907127631399
7.91907100065039
7.919070717238801
7.919070426210309
7.919070127703407
7.9190698218635935
7.91906950884299
7.919069188799993
7.919068861898923
7.919068528309695
7.919068188207509
7.919067841772546
7.919067489189678
7.919067130648188
7.919066766341506
7.919066396466941
7.9190660212254365
7.919065640821327
7.9190652554620975
7.919064865358163
7.919064470722637
7.919064071771126
7.919063668721508
7.919063261793739
7.9190628512096435
7.919062437192722
7.919062019967968
7.919061599761667
7.919061176801229
7.919060751314997
7.919060323532081
7.919059893682183
7.91905946199543
7.919059028702207
7.919058594032995
7.919058158218217
7.919057721488078
7.9190572840724105
7.919056846200529
7.919056408101077
7.91905597000189
7.919055532129841
7.919055094710714
7.919054657969061
7.91905422212806
7.919053787409399
7.91905335403313
7.919052922217555
7.919052492179091
7.919052064132155
7.919051638289039
7.919051214859796
7.919050794052123
7.919050376071249
7.919049961119828
7.919049549397826
7.919049141102417
7.9190487364278885
7.919048335565528
7.919047938703535
7.919047546026926
7.919047157717435
7.919046773953429
7.919046394909824
7.919046020757989
7.9190456516656775
7.919045287796936
7.919044929312038
7.919044576367398
7.919044229115511
7.919043887704879
7.919043552279941
7.919043222981019
7.919042899944248
7.9190425833015246
7.919042273180448
7.919041969704269
7.919041672991841
7.919041383157572
7.919041100311382
7.91904082455866
7.91904055600023
7.919040294732307
7.9190400408464745
7.9190397944296445
7.919039555564039
7.91903932432716
7.919039100791774
7.919038885025883
7.919038677092722
7.919038477050733
7.919038284953566
7.919038100850066
7.919037924784265
7.919037756795388
7.919037596917848
7.919037445181255
7.919037301610416
7.919037166225348
7.9190370390412905
7.91903692006872
7.919036809313363
7.919036706776222
7.91903661245359
7.919036526337091
7.919036448413686
7.919036378665724
7.919036317070956
7.919036263602592
7.919036218229319
7.919036180915347
7.919036151620459
7.919036130300048
7.919036116905169
7.919036111382585
7.919036113674818
7.919036123720213
7.919036141452978
7.919036166803259
7.9190361996971905
7.9190362400569585
7.919036287800872
7.919036342843423
7.919036405095356
7.919036474463741
7.919036550852046
7.919036634160206
7.919036724284709
7.919036821118659
7.919036924551869
7.919037034470934
7.919037150759317
7.9190372732974295
7.919037401962717
7.91903753662975
7.919037677170308
7.919037823453467
7.9190379753456925
7.919038132710936
7.919038295410716
7.919038463304223
7.919038636248403
7.919038814098065
7.919038996705968
7.9190391839229255
7.919039375597895
7.919039571578079
7.919039771709034
7.9190399758347585
7.919040183797795
7.919040395439336
7.919040610599322
7.919040829116539
7.919041050828729
7.919041275572682
7.919041503184345
7.919041733498922
7.9190419663509735
7.919042201574523
7.919042439003155
7.919042678470117
7.919042919808423
7.919043162850953
7.919043407430558
7.9190436533801485
7.919043900532812
7.919044148721897
7.91904439778112
7.91904464754466
7.919044897847261
7.919045148524319
7.919045399411991
7.919045650347279
7.919045901168129
7.919046151713524
7.919046401823577
7.9190466513396185
7.9190469001042905
7.919047147961631
7.919047394757167
7.919047640337998
7.919047884552878
7.919048127252306
7.9190483682886
7.919048607515986
7.919048844790673
7.919049079970928
7.919049312917162
7.919049543491988
7.919049771560313
7.919049996989396
7.9190502196489225
7.9190504394110715
7.919050656150579
7.919050869744809
7.919051080073808
7.919051287020366
7.919051490470082
7.919051690311413
7.919051886435733
7.919052078737383
7.9190522671137185
7.919052451465169
7.919052631695269
7.919052807710715
7.919052979421401
7.919053146740457
7.919053309584296
7.919053467872638
7.919053621528551
7.919053770478482
7.919053914652277
7.919054053983226
7.919054188408066
7.919054317867021
7.919054442303811
7.919054561665676
7.919054675903391
7.919054784971274
7.919054888827207
7.9190549874326335
7.919055080752576
7.919055168755634
7.919055251413984
7.91905532870339
7.919055400603189
7.919055467096295
7.919055528169191
7.9190555838119145
7.919055634018056
7.919055678784736
7.919055718112601
7.919055752005794
7.919055780471943
7.919055803522141
7.919055821170913
7.9190558334361985
7.919055840339325
7.919055841904971
7.9190558381611424
7.919055829139129
7.919055814873483
7.919055795401968
7.919055770765525
7.919055741008241
7.9190557061772875
7.9190556663228895
7.919055621498276
7.919055571759634
7.9190555171660515
7.919055457779478
7.919055393664658
7.919055324889089
7.919055251522962
7.919055173639096
7.919055091312894
7.919055004622271
7.919054913647598
7.919054818471636
7.91905471917948
7.9190546158584825
7.919054508598196
7.919054397490299
7.91905428262854
7.919054164108648
7.9190540420282804
7.919053916486943
7.91905378758592
7.919053655428199
7.919053520118399
7.919053381762697
7.919053240468747
7.919053096345616
7.9190529495036905
7.919052800054617
7.919052648111213
7.919052493787393
7.919052337198089
7.919052178459174
7.919052017687382
7.919051855000229
7.9190516905159365
7.9190515243533435
7.919051356631836
7.919051187471265
7.919051016991867
7.919050845314182
7.919050672558978
7.919050498847168
7.9190503242997385